<?xml version="1.0"?>
<opencv_storage>
<features type_id="opencv-matrix">
  <rows>1</rows>
  <cols>128</cols>
  <dt>f</dt>
  <data>
    1.60768703e-02 -3.79318707e-02 1.14169987e-02 7.90283829e-02
    -3.94842960e-02 2.47369949e-02 -4.89686206e-02 1.98962018e-02
    4.29492146e-02 -2.95378547e-02 4.88831615e-03 1.23394560e-02
    -2.95579229e-02 -3.20784636e-02 -2.12776028e-02 -3.69563513e-03
    1.38650099e-02 2.73192674e-02 -3.13308947e-02 2.31834035e-02
    1.15565024e-02 -4.87988107e-02 -1.31128142e-02 2.11682115e-02
    -3.61410645e-03 7.48689026e-02 1.75625831e-02 -2.67540272e-02
    -5.06811067e-02 1.71346124e-02 4.96193999e-03 6.08634204e-03
    7.52201397e-03 4.16733213e-02 8.98411311e-03 1.54789165e-02
    -5.27610406e-02 6.81428760e-02 9.10267383e-02 -2.13117469e-02
    -6.18746616e-02 5.75207509e-02 4.67243344e-02 5.37948962e-03
    -8.17794539e-03 -1.13067580e-02 7.38709094e-03 4.69958261e-02
    -4.41361740e-02 -1.74627509e-02 -2.15731356e-02 -7.68314451e-02
    -4.47276793e-02 -3.50145646e-03 8.31914227e-03 -3.30590010e-02
    1.11793280e-02 -5.42768976e-03 -1.49696842e-02 -1.32503058e-03
    1.76921003e-02 5.81563404e-03 5.14593236e-02 -4.41803150e-02
    -4.74092737e-02 5.79936765e-02 1.20155113e-02 -2.94641443e-02
    -1.83744952e-02 1.18028512e-02 8.55706409e-02 2.19562966e-02
    -1.14998855e-02 -5.87132871e-02 7.08552403e-03 3.71491984e-02
    6.32241229e-03 -3.21540385e-02 6.98829442e-03 -6.75783232e-02
    -7.67270252e-02 3.80475111e-02 1.02043906e-02 -6.27218038e-02
    -3.82795301e-03 -4.33070958e-02 1.18444385e-02 1.80431381e-02
    -3.03940531e-02 -8.59141722e-03 -2.13047657e-02 -1.19909709e-02
    -4.99408832e-03 -2.06131600e-02 4.68858425e-03 4.14365195e-02
    3.84961292e-02 -7.88704976e-02 -7.18713328e-02 -9.44797173e-02
    -7.21910596e-02 -8.26367512e-02 -1.98767297e-02 5.45713045e-02
    1.86282787e-02 2.92892940e-02 1.91659182e-02 1.80074349e-02
    -2.03494281e-02 -4.59956937e-02 -4.27722791e-03 4.08508405e-02
    8.75357985e-02 1.81304466e-03 8.14751610e-02 4.42409702e-02
    6.93666041e-02 -4.96000051e-02 -6.42919820e-03 -9.53625701e-03
    -4.13065404e-02 -2.22984795e-02 -4.92571406e-02 3.38237658e-02
    -3.65379453e-02 -7.83747900e-03 -2.13656332e-02 4.95587252e-02</data></features>
</opencv_storage>
